tres.studio — Projects,,,,,,,,,,,,,,,,,,,,,,,,,,,,,,,,,,,,,,,,,,,,,,,,,,,,,,,,,,,,,,,,,,,,,,,,,,,,,,,,,,,,,,,,,,,,,,,,,,,,,,,,,,,,,,,,,,,
One row = one project. Hero + up to 100 images 10 recomended. Designed At + URL render as a hidden link on the project page when both are filled. Descriptions render live — edit and refresh the site (≤5 min cache).,,,,,,,,,,,,,,,,,,,,,,,,,,,,,,,,,,,,,,,,,,,,,,,,,,,,,,,,,,,,,,,,,,,,,,,,,,,,,,,,,,,,,,,,,,,,,,,,,,,,,,,,,,,,,,,,,,,
,,,,,,,,,,,,,,,,,,,,,,,,,,,,,,,,,,,,,,,,,,,,,,,,,,,,,,,,,,,,,,,,,,,,,,,,,,,,,,,,,,,,,,,,,,,,,,,,,,,,,,,,,,,,,,,,,,,
#,Display Name,Slug,Category,Subcategory,Location,Year,Designed At,Designed At URL,Status,Order,Tags,Description,External Link,Hero Image,Image Count,img_01,img_02,img_03,img_04,img_05,img_06,img_07,img_08,img_09,img_10,img_11,img_12,img_13,img_14,img_15,img_16,img_17,img_18,img_19,img_20,img_21,img_22,img_23,img_24,img_25,img_26,img_27,img_28,img_29,img_30,img_31,img_32,img_33,img_34,img_35,img_36,img_37,img_38,img_39,img_40,img_41,img_42,img_43,img_44,img_45,img_46,img_47,img_48,img_49,img_50,img_51,img_52,img_53,img_54,img_55,img_56,img_57,img_58,img_59,img_60,img_61,img_62,img_63,img_64,img_65,img_66,img_67,img_68,img_69,img_70,img_71,img_72,img_73,img_74,img_75,img_76,img_77,img_78,img_79,img_80,img_81,img_82,img_83,img_84,img_85,img_86,img_87,img_88,img_89,img_90,img_91,img_92,img_93,img_94,img_95,img_96,img_97,img_98,img_99,img_100
— ARCHITECTURE · 12 projects,,,,,,,,,,,,,,,,,,,,,,,,,,,,,,,,,,,,,,,,,,,,,,,,,,,,,,,,,,,,,,,,,,,,,,,,,,,,,,,,,,,,,,,,,,,,,,,,,,,,,,,,,,,,,,,,,,,
1,The Pointe at Tucker Landing,tucker,Architecture,Residential,"Point Washington, FL",2025,Chancey Architecture,https://www.chanceydesign.com/architecture-team/tres-carter,Live,1,"neighborhood, guidelines, masterplan","Neighborhood planning and design guidelines. 45-page guidelines document governing architecture, landscape, and site standards.",,architecture/tucker/hero.png,45,architecture/tucker/01.png,architecture/tucker/02.png,architecture/tucker/03.png,architecture/tucker/04.png,architecture/tucker/05.png,architecture/tucker/06.png,architecture/tucker/07.png,architecture/tucker/08.png,architecture/tucker/09.png,architecture/tucker/10.png,architecture/tucker/11.png,architecture/tucker/12.png,architecture/tucker/13.png,architecture/tucker/14.png,architecture/tucker/15.png,architecture/tucker/16.png,architecture/tucker/17.png,architecture/tucker/18.png,architecture/tucker/19.png,architecture/tucker/20.png,architecture/tucker/21.png,architecture/tucker/22.png,architecture/tucker/23.png,architecture/tucker/24.png,architecture/tucker/25.png,architecture/tucker/26.png,architecture/tucker/27.png,architecture/tucker/28.png,architecture/tucker/29.png,architecture/tucker/30.png,architecture/tucker/31.png,architecture/tucker/32.png,architecture/tucker/33.png,architecture/tucker/34.png,architecture/tucker/35.png,architecture/tucker/36.png,architecture/tucker/37.png,architecture/tucker/38.png,architecture/tucker/39.png,architecture/tucker/40.png,architecture/tucker/41.png,architecture/tucker/42.png,architecture/tucker/43.png,architecture/tucker/44.png,architecture/tucker/45.png,,,,,,,,,,,,,,,,,,,,,,,,,,,,,,,,,,,,,,,,,,,,,,,,,,,,,,,
2,Alys Beach EE-13,ee13,Architecture,Residential,"Alys Beach, FL",2026,Chancey Architecture,https://www.chanceydesign.com/architecture-team/tres-carter,Live,2,"spec house, alys beach",Custom Residential project in Alys beach for a pair of clients.,,architecture/ee13/hero.png,7,architecture/ee13/01.png,architecture/ee13/02.png,architecture/ee13/03.png,architecture/ee13/04.png,architecture/ee13/05.png,architecture/ee13/06.png,architecture/ee13/07.png,,,,,,,,,,,,,,,,,,,,,,,,,,,,,,,,,,,,,,,,,,,,,,,,,,,,,,,,,,,,,,,,,,,,,,,,,,,,,,,,,,,,,,,,,,,,,
3,Alys Beach Z-07,z07,Architecture,Residential,"Alys Beach, FL",2025,Chancey Architecture,https://www.chanceydesign.com/architecture-team/tres-carter,Live,3,"alys beach, residential, construction","Residential development project in Alys beach. Sketch submittal through construction, final images coming in february!",,architecture/z07/hero.png,15,architecture/z07/01.png,architecture/z07/02.png,architecture/z07/03.png,architecture/z07/04.png,architecture/z07/05.png,architecture/z07/06.png,architecture/z07/construction/01.jpg,architecture/z07/construction/02.jpg,architecture/z07/construction/03.jpg,architecture/z07/construction/04.jpg,architecture/z07/construction/05.jpg,architecture/z07/construction/06.jpg,architecture/z07/construction/07.jpg,architecture/z07/construction/08.jpg,architecture/z07/construction/clip.mp4,,,,,,,,,,,,,,,,,,,,,,,,,,,,,,,,,,,,,,,,,,,,,,,,,,,,,,,,,,,,,,,,,,,,,,,,,,,,,,,,,,,,,
4,Grayton Residence,flatwood,Architecture,Residential,"Grayton Beach, FL",2025,Chancey Architecture,https://www.chanceydesign.com/architecture-team/tres-carter,Live,4,"residential, coastal",Coastal residence in Grayton Beach I designed for some great clients with a very unique taste and love for trees.,,architecture/flatwood/hero.png,11,architecture/flatwood/01.png,architecture/flatwood/02.png,architecture/flatwood/03.png,architecture/flatwood/04.png,architecture/flatwood/05.png,architecture/flatwood/06.png,architecture/flatwood/07.png,architecture/flatwood/08.png,architecture/flatwood/09.png,architecture/flatwood/10.png,architecture/flatwood/11.png,,,,,,,,,,,,,,,,,,,,,,,,,,,,,,,,,,,,,,,,,,,,,,,,,,,,,,,,,,,,,,,,,,,,,,,,,,,,,,,,,,,,,,,,,
5,19 Creekbridge Way,creekbridge,Architecture,Residential,"Watersound, FL",2024,Chancey Architecture,https://www.chanceydesign.com/architecture-team/tres-carter,Hidden,5,"residential, watersound",Residential project on Creekbridge Way.,,architecture/creekbridge/hero.png,1,architecture/creekbridge/01.png,,,,,,,,,,,,,,,,,,,,,,,,,,,,,,,,,,,,,,,,,,,,,,,,,,,,,,,,,,,,,,,,,,,,,,,,,,,,,,,,,,,,,,,,,,,,,,,,,,,
6,Drome,drome,Architecture,Commercial,"Seaside, FL",2024,Tres Studio,https://tres.studio/,Live,6,"restaurant, moonlight, hospitality",Restaurant design in Seaside for some good friends from Auburn. This was my first solo project and first completed construction.,,architecture/drome/hero.png,6,architecture/drome/01.jpg,architecture/drome/02.jpg,architecture/drome/03.png,architecture/drome/04.jpg,architecture/drome/05.jpg,architecture/drome/06.jpg,,,,,,,,,,,,,,,,,,,,,,,,,,,,,,,,,,,,,,,,,,,,,,,,,,,,,,,,,,,,,,,,,,,,,,,,,,,,,,,,,,,,,,,,,,,,,,
7,Urban Neighbors,urbanneighbors,Architecture,Commercial,"Tampa, FL",2023,Chancey Architecture,https://www.chanceydesign.com/architecture-team/tres-carter,Live,7,"commercial, mixed-use",Mixed-use commercial project in Tampa I help organize into a repeatable development with a focus on affordable housing. ,,architecture/urbanneighbors/hero.jpg,11,architecture/urbanneighbors/01.jpg,architecture/urbanneighbors/02.png,architecture/urbanneighbors/03.png,architecture/urbanneighbors/04.png,architecture/urbanneighbors/05.png,architecture/urbanneighbors/06.png,architecture/urbanneighbors/07.png,architecture/urbanneighbors/08.png,architecture/urbanneighbors/09.png,architecture/urbanneighbors/10.png,architecture/urbanneighbors/11.png,,,,,,,,,,,,,,,,,,,,,,,,,,,,,,,,,,,,,,,,,,,,,,,,,,,,,,,,,,,,,,,,,,,,,,,,,,,,,,,,,,,,,,,,,
8,Various Details,variousdetails,Architecture,Details,,2023 — Current,,,WIP,8,"details, fragments",Architectural details,,architecture/variousdetails/hero.png,14,architecture/variousdetails/01.png,architecture/variousdetails/02.png,architecture/variousdetails/03.png,architecture/variousdetails/04.png,architecture/variousdetails/05.png,architecture/variousdetails/06.png,architecture/variousdetails/07.png,architecture/variousdetails/08.png,architecture/variousdetails/09.png,architecture/variousdetails/10.png,architecture/variousdetails/11.png,architecture/variousdetails/12.png,architecture/variousdetails/13.png,architecture/variousdetails/14.png,,,,,,,,,,,,,,,,,,,,,,,,,,,,,,,,,,,,,,,,,,,,,,,,,,,,,,,,,,,,,,,,,,,,,,,,,,,,,,,,,,,,,,
9,Thesis Project,thesis,Architecture,School,"Auburn, AL",2022-2023,,,Live,9,"thesis, academic","Undergraduate thesis, Auburn, 2023. PL.Arch examines how 3D printing, automation, and AI can integrate into architectural practice without losing the human side of design. The proposal; a 42,000 sqft artist residency on Kyoto's Kamo River, using hybrid additive manufacturing (Contour Crafting, WAAM, stereolithography) paired with organic, biomimetic form.",,architecture/thesis/hero.png,73,architecture/thesis/01.png,architecture/thesis/02.png,architecture/thesis/03.png,architecture/thesis/04.png,architecture/thesis/05.png,architecture/thesis/06.png,architecture/thesis/07.png,architecture/thesis/08.png,architecture/thesis/09.png,architecture/thesis/10.png,architecture/thesis/11.png,architecture/thesis/12.png,architecture/thesis/13.png,architecture/thesis/14.png,architecture/thesis/15.png,architecture/thesis/16.png,architecture/thesis/17.png,architecture/thesis/18.png,architecture/thesis/19.png,architecture/thesis/20.png,architecture/thesis/21.png,architecture/thesis/22.png,architecture/thesis/23.png,architecture/thesis/24.png,architecture/thesis/25.png,architecture/thesis/26.png,architecture/thesis/27.png,architecture/thesis/28.png,architecture/thesis/29.png,architecture/thesis/30.png,architecture/thesis/31.png,architecture/thesis/32.png,architecture/thesis/33.png,architecture/thesis/34.png,architecture/thesis/35.png,architecture/thesis/36.png,architecture/thesis/37.png,architecture/thesis/38.png,architecture/thesis/39.png,architecture/thesis/40.png,architecture/thesis/41.png,architecture/thesis/42.png,architecture/thesis/43.png,architecture/thesis/44.png,architecture/thesis/45.png,architecture/thesis/46.png,architecture/thesis/47.png,architecture/thesis/48.png,architecture/thesis/49.png,architecture/thesis/50.png,architecture/thesis/51.png,architecture/thesis/52.png,architecture/thesis/53.png,architecture/thesis/54.png,architecture/thesis/55.png,architecture/thesis/56.png,architecture/thesis/57.png,architecture/thesis/58.png,architecture/thesis/59.png,architecture/thesis/60.png,architecture/thesis/61.png,architecture/thesis/62.png,architecture/thesis/63.png,architecture/thesis/64.png,architecture/thesis/65.png,architecture/thesis/66.png,architecture/thesis/67.png,architecture/thesis/68.png,architecture/thesis/69.png,architecture/thesis/70.png,architecture/thesis/71.png,architecture/thesis/72.png,architecture/thesis/73.png,,,,,,,,,,,,,,,,,,,,,,,,,,,
10,Wood Competition 2020,woodcomp,Architecture,School,"Auburn, AL",2020,,,Live,10,"wood, competition, academic",Auburn Architecture's 2020 wood competition entry.,,architecture/woodcomp/hero.jpg,21,architecture/woodcomp/01.jpg,architecture/woodcomp/02.jpg,architecture/woodcomp/03.jpg,architecture/woodcomp/04.jpg,architecture/woodcomp/05.jpg,architecture/woodcomp/06.jpg,architecture/woodcomp/07.jpg,architecture/woodcomp/08.jpg,architecture/woodcomp/09.jpg,architecture/woodcomp/10.jpg,architecture/woodcomp/11.jpg,architecture/woodcomp/12.jpg,architecture/woodcomp/13.jpg,architecture/woodcomp/14.jpg,architecture/woodcomp/15.jpg,architecture/woodcomp/16.jpg,architecture/woodcomp/17.jpg,architecture/woodcomp/18.jpg,architecture/woodcomp/19.jpg,architecture/woodcomp/20.jpg,architecture/woodcomp/21.jpg,,,,,,,,,,,,,,,,,,,,,,,,,,,,,,,,,,,,,,,,,,,,,,,,,,,,,,,,,,,,,,,,,,,,,,,,,,,,,,,
11,Schoolwork,schoolwork,Architecture,School,"Auburn, AL",2018 — 2022,,,Live,11,"academic, studio, drawings","Selected academic work from Auburn — studio projects, drawings, models.",,architecture/schoolwork/hero.png,21,architecture/schoolwork/01.png,architecture/schoolwork/02.png,architecture/schoolwork/03.png,architecture/schoolwork/04.png,architecture/schoolwork/05.png,architecture/schoolwork/06.png,architecture/schoolwork/07.png,architecture/schoolwork/08.png,architecture/schoolwork/09.png,architecture/schoolwork/10.png,architecture/schoolwork/11.png,architecture/schoolwork/12.png,architecture/schoolwork/13.png,architecture/schoolwork/14.png,architecture/schoolwork/15.png,architecture/schoolwork/16.png,architecture/schoolwork/17.png,architecture/schoolwork/18.png,architecture/schoolwork/19.png,architecture/schoolwork/20.png,architecture/schoolwork/21.png,,,,,,,,,,,,,,,,,,,,,,,,,,,,,,,,,,,,,,,,,,,,,,,,,,,,,,,,,,,,,,,,,,,,,,,,,,,,,,,
12,Fifth Year Mini,fithyearmini,Architecture,School,"Auburn, AL",2022,,,Live,12,"academic, 5th year, studio",Fifth-year mini studio project. A house for a spider.,,architecture/fithyearmini/hero.png,7,architecture/fithyearmini/01.png,architecture/fithyearmini/02.png,architecture/fithyearmini/03.png,architecture/fithyearmini/04.png,architecture/fithyearmini/05.png,architecture/fithyearmini/06.png,architecture/fithyearmini/07.png,,,,,,,,,,,,,,,,,,,,,,,,,,,,,,,,,,,,,,,,,,,,,,,,,,,,,,,,,,,,,,,,,,,,,,,,,,,,,,,,,,,,,,,,,,,,,
13,Casa Marti,casamarti,Architecture,Commercial,"Ybor City, Fl",2022-2023,Chancey Architecture,https://www.chanceydesign.com/architecture-team/tres-carter,Live,13,"commercial, mixed-use","My first project I was involved with out of school, multi-family apartments in Ybor city. ",,architecture/casamarti/hero.png,8,architecture/casamarti/01.png,architecture/casamarti/02.png,architecture/casamarti/03.png,architecture/casamarti/04.png,architecture/casamarti/05.png,architecture/casamarti/06.png,architecture/casamarti/07.png,architecture/casamarti/08.png,,,,,,,,,,,,,,,,,,,,,,,,,,,,,,,,,,,,,,,,,,,,,,,,,,,,,,,,,,,,,,,,,,,,,,,,,,,,,,,,,,,,,,,,,,,,
14,Casa Gomez,casagomez,Architecture,Commercial,"Ybor City, Fl",2022-2024,Chancey Architecture,https://www.chanceydesign.com/architecture-team/tres-carter,Live,14,"commercial, mixed-use","My second project I was involved with out of school, commercial spaces in Ybor city attached to Casa Marti. ",,architecture/casagomez/hero.png,,architecture/casagomez/01.png,architecture/casagomez/02.png,architecture/casagomez/03.png,architecture/casagomez/04.png,,,,,,,,,,,,,,,,,,,,,,,,,,,,,,,,,,,,,,,,,,,,,,,,,,,,,,,,,,,,,,,,,,,,,,,,,,,,,,,,,,,,,,,,,,,,,,,,
— PERSONAL · 4 projects,,,,,,,,,,,,,,,,,,,,,,,,,,,,,,,,,,,,,,,,,,,,,,,,,,,,,,,,,,,,,,,,,,,,,,,,,,,,,,,,,,,,,,,,,,,,,,,,,,,,,,,,,,,,,,,,,,,
13,Photography,photography,Personal,Photography,"Alys Beach, FL",2025,,,Live,1,"photography, alys, 35mm",various photos i am working on improving,,personal/photography/Alys/hero.jpg,18,personal/photography/Alys/01.jpg,personal/photography/Alys/02.jpg,personal/photography/Alys/03.jpg,personal/photography/Alys/04.jpg,personal/photography/Alys/05.jpg,personal/photography/Alys/06.jpg,personal/photography/Alys/07.jpg,personal/photography/Alys/08.jpg,personal/photography/Alys/09.jpg,personal/photography/Alys/10.jpg,personal/photography/Alys/11.jpg,personal/photography/Alys/12.jpg,personal/photography/Alys/13.jpg,personal/photography/Alys/14.jpg,personal/photography/Alys/15.jpg,personal/photography/Alys/16.jpg,personal/photography/Alys/17.jpg,personal/photography/Alys/18.jpg,,,,,,,,,,,,,,,,,,,,,,,,,,,,,,,,,,,,,,,,,,,,,,,,,,,,,,,,,,,,,,,,,,,,,,,,,,,,,,,,,,
14,Personal Art,personalart,Personal,Art,Florida,2025,,,WIP,2,"art, drawing, painting",Various personal artworks from highshool,,personal/personalart/hero.png,4,personal/personalart/01.png,personal/personalart/02.png,personal/personalart/03.png,personal/personalart/04.png,,,,,,,,,,,,,,,,,,,,,,,,,,,,,,,,,,,,,,,,,,,,,,,,,,,,,,,,,,,,,,,,,,,,,,,,,,,,,,,,,,,,,,,,,,,,,,,,
15,Lightboard,lightboard,Personal,Installation,"30A, FL",2025,,,Live,3,"lightboard, installation, light",Lightboard work ive been planning on developing more...,,personal/lightboard/hero.jpg,18,personal/lightboard/01.jpg,personal/lightboard/02.jpg,personal/lightboard/03.jpg,personal/lightboard/04.jpg,personal/lightboard/05.jpg,personal/lightboard/06.jpg,personal/lightboard/07.jpg,personal/lightboard/08.jpg,personal/lightboard/09.jpg,personal/lightboard/10.jpg,personal/lightboard/11.jpg,personal/lightboard/12.jpg,personal/lightboard/13.jpg,personal/lightboard/14.jpg,personal/lightboard/15.jpg,personal/lightboard/16.jpg,personal/lightboard/17.jpg,personal/lightboard/18.jpg,,,,,,,,,,,,,,,,,,,,,,,,,,,,,,,,,,,,,,,,,,,,,,,,,,,,,,,,,,,,,,,,,,,,,,,,,,,,,,,,,,
16,My Stuff,mystuff,Personal,Misc,"30A, FL",2025,,,Hidden,4,"archie, car, bike, personal",Random stuff,,personal/mystuff/hero.jpg,0,,,,,,,,,,,,,,,,,,,,,,,,,,,,,,,,,,,,,,,,,,,,,,,,,,,,,,,,,,,,,,,,,,,,,,,,,,,,,,,,,,,,,,,,,,,,,,,,,,,,
— LAB · 1 projects,,,,,,,,,,,,,,,,,,,,,,,,,,,,,,,,,,,,,,,,,,,,,,,,,,,,,,,,,,,,,,,,,,,,,,,,,,,,,,,,,,,,,,,,,,,,,,,,,,,,,,,,,,,,,,,,,,,
17,Lab Index,lab,Lab,Index,,2025,,,Planned,1,"lab, index","See Lab sheet for full list of AI-coded projects, mini-games, and tools.",,lab/lab/hero.png,0,,,,,,,,,,,,,,,,,,,,,,,,,,,,,,,,,,,,,,,,,,,,,,,,,,,,,,,,,,,,,,,,,,,,,,,,,,,,,,,,,,,,,,,,,,,,,,,,,,,,